0
0
0
0
0
0
0
0
75
115
144
165
177
186
187
186
182
179
175
168
163
158
150
145
140
135
128
124
121
116
113
111
109
108
108
107
108
108
109
113
115
118
121
124
127
130
135
137
140
144
146
148
151
152
153
153
153
153
153
152
151
150
147
146
145
143
141
139
138
136
135
134
132
131
130
130
130
129
130
130
130
130
131
132
133
133
134
135
136
138
139
139
140
141
141
142
142
142
143
143
143
143
142
142
141
141
140
140
139
139
138
138
137
137
136
136
136
136
135
135
135
135
136
136
136
137
137
137
137
137
138
138
138
138
138
139
139
139
139
139
139
139
140
140
140
139
140
140
140
140
140
140
140
140
139
140
140
140
140
139
139
139
139
139
139
138
138
138
138
138
138
138
137
137
137
137
137
137
136
136
136
136
136
136
136
136
136
136
136
137
137
137
137
137
137
137
137
138
137
137
136
136
137
137
136
136
136
136
136
136
136
136
136
136
61

